start=3255.320000
volume=130.000000
