start=406.754000
volume=115.000000
