start=5608.200000
pause=yes
volume=130.000000
